,x_coord,y_coord,yaw,reversing
0,5.0,5.0,90.0,0.0
1,4.997,5.2,90.967,0.0
2,4.986,5.4,92.991,0.0
3,4.969,5.599,95.016,0.0
4,4.944,5.797,97.04,0.0
5,4.913,5.995,99.065,0.0
6,4.874,6.191,101.089,0.0
7,4.829,6.386,103.114,0.0
8,4.777,6.579,105.138,0.0
9,4.718,6.77,107.163,0.0
10,4.652,6.959,109.187,0.0
11,4.58,7.145,111.212,0.0
12,4.501,7.329,113.237,0.0
13,4.415,7.51,115.261,0.0
14,4.324,7.688,117.286,0.0
15,4.226,7.862,119.31,0.0
16,4.122,8.033,121.335,0.0
17,4.012,8.2,123.359,0.0
18,3.896,8.363,125.384,0.0
19,3.774,8.522,127.408,0.0
20,3.647,8.676,129.433,0.0
21,3.515,8.826,131.457,0.0
22,3.377,8.971,133.482,0.0
23,3.235,9.111,135.506,0.0
24,3.087,9.247,137.531,0.0
25,2.935,9.376,139.556,0.0
26,2.778,9.501,141.58,0.0
27,2.643,9.601,143.447,0.0
28,2.643,9.601,0.0,0.0
29,2.482,9.721,143.29,0.0
30,2.326,9.846,141.265,0.0
31,2.175,9.976,139.24,0.0
32,2.028,10.112,137.216,0.0
33,1.886,10.253,135.191,0.0
34,1.749,10.399,133.167,0.0
35,1.618,10.55,131.142,0.0
36,1.492,10.705,129.118,0.0
37,1.371,10.864,127.093,0.0
38,1.256,11.028,125.069,0.0
39,1.147,11.196,123.044,0.0
40,1.044,11.367,121.02,0.0
41,0.947,11.542,118.995,0.0
42,0.856,11.72,116.971,0.0
43,0.772,11.902,114.946,0.0
44,0.694,12.086,112.921,0.0
45,0.623,12.273,110.897,0.0
46,0.558,12.462,108.872,0.0
47,0.5,12.653,106.848,0.0
48,0.449,12.847,104.823,0.0
49,0.405,13.042,102.799,0.0
50,0.367,13.238,100.774,0.0
51,0.337,13.436,98.75,0.0
52,0.313,13.634,96.725,0.0
53,0.297,13.834,94.701,0.0
54,0.288,14.033,92.676,0.0
55,0.285,14.233,90.652,0.0
56,0.29,14.433,88.627,0.0
57,0.302,14.633,86.602,0.0
58,0.321,14.832,84.578,0.0
59,0.347,15.03,82.553,0.0
60,0.38,15.228,80.529,0.0
61,0.42,15.424,78.504,0.0
62,0.466,15.618,76.48,0.0
63,0.52,15.811,74.455,0.0
64,0.58,16.001,72.431,0.0
65,0.647,16.19,70.406,0.0
66,0.721,16.376,68.382,0.0
67,0.801,16.559,66.357,0.0
68,0.888,16.739,64.333,0.0
69,0.981,16.916,62.308,0.0
70,1.08,17.09,60.283,0.0
71,1.185,17.26,58.259,0.0
72,1.296,17.426,56.234,0.0
73,1.413,17.588,54.21,0.0
74,1.536,17.746,52.185,0.0
75,1.664,17.9,50.161,0.0
76,1.798,18.049,48.136,0.0
77,1.936,18.193,46.112,0.0
78,2.08,18.332,44.087,0.0
79,2.228,18.466,42.063,0.0
80,2.381,18.595,40.038,0.0
81,2.539,18.718,38.014,0.0
82,2.701,18.836,35.989,0.0
83,2.867,18.947,33.964,0.0
84,3.036,19.053,31.94,0.0
85,3.21,19.153,29.915,0.0
86,3.386,19.246,27.891,0.0
87,3.51,19.307,26.183,0.0
88,3.51,19.307,180.0,1.0
89,3.328,19.224,24.475,1.0
90,3.143,19.148,22.451,1.0
91,2.956,19.078,20.426,1.0
92,2.766,19.015,18.402,1.0
93,2.574,18.958,16.377,1.0
94,2.38,18.909,14.353,1.0
95,2.185,18.866,12.328,1.0
96,1.988,18.83,10.304,1.0
97,1.79,18.802,8.279,1.0
98,1.591,18.78,6.255,1.0
99,1.47,18.77,4.627,1.0
100,1.47,18.77,0.0,1.0
101,1.669,18.789,5.316,0.0
102,1.867,18.816,7.926,0.0
103,2.064,18.853,10.536,0.0
104,2.259,18.898,13.147,0.0
105,2.451,18.952,15.757,0.0
106,2.641,19.015,18.367,0.0
107,2.828,19.087,20.978,0.0
108,3.011,19.167,23.588,0.0
109,3.19,19.255,26.198,0.0
110,3.365,19.352,28.808,0.0
111,3.536,19.456,31.419,0.0
112,3.702,19.568,34.029,0.0
113,3.862,19.687,36.639,0.0
114,4.017,19.814,39.25,0.0
115,4.166,19.947,41.86,0.0
116,4.309,20.087,44.47,0.0
117,4.445,20.234,47.08,0.0
118,4.574,20.386,49.691,0.0
119,4.697,20.545,52.301,0.0
120,4.812,20.708,54.911,0.0
121,4.919,20.877,57.522,0.0
122,5.019,21.05,60.132,0.0
123,5.11,21.228,62.742,0.0
124,5.194,21.41,65.352,0.0
125,5.269,21.595,67.963,0.0
126,5.335,21.784,70.573,0.0
127,5.393,21.975,73.183,0.0
128,5.442,22.169,75.794,0.0
129,5.482,22.365,78.404,0.0
130,5.514,22.563,81.014,0.0
131,5.536,22.761,83.624,0.0
132,5.549,22.961,86.235,0.0
133,5.553,23.161,88.845,0.0
134,5.548,23.361,91.455,0.0
135,5.534,23.56,94.066,0.0
136,5.51,23.759,96.676,0.0
137,5.478,23.956,99.286,0.0
138,5.437,24.152,101.896,0.0
139,5.387,24.345,104.507,0.0
140,5.371,24.401,106.189,0.0
141,5.371,24.401,0.0,0.0
142,5.318,24.594,105.26,0.0
143,5.274,24.789,102.65,0.0
144,5.239,24.986,100.04,0.0
145,5.214,25.184,97.429,0.0
146,5.197,25.383,94.819,0.0
147,5.189,25.583,92.209,0.0
148,5.19,25.783,89.599,0.0
149,5.201,25.983,86.988,0.0
150,5.221,26.182,84.378,0.0
151,5.249,26.38,81.768,0.0
152,5.287,26.576,79.157,0.0
153,5.333,26.771,76.547,0.0
154,5.389,26.963,73.937,0.0
155,5.453,27.152,71.327,0.0
156,5.525,27.339,68.716,0.0
157,5.606,27.522,66.106,0.0
158,5.696,27.701,63.496,0.0
159,5.793,27.875,60.885,0.0
160,5.898,28.045,58.275,0.0
161,6.011,28.211,55.665,0.0
162,6.131,28.37,53.055,0.0
163,6.258,28.525,50.444,0.0
164,6.393,28.673,47.834,0.0
165,6.533,28.815,45.224,0.0
166,6.675,28.945,42.661,0.0
167,6.675,28.945,180.0,1.0
168,6.522,28.816,40.099,1.0
169,6.363,28.695,37.489,1.0
170,6.199,28.58,34.878,1.0
171,6.03,28.474,32.268,1.0
172,5.857,28.375,29.658,1.0
173,5.678,28.284,27.048,1.0
174,5.496,28.201,24.437,1.0
175,5.311,28.127,21.827,1.0
176,5.122,28.061,19.217,1.0
177,4.93,28.004,16.606,1.0
178,4.736,27.955,13.996,1.0
179,4.54,27.916,11.386,1.0
180,4.342,27.885,8.776,1.0
181,4.21,27.87,6.6,1.0
182,4.21,27.87,284.036,1.0
183,4.409,27.885,4.424,0.0
184,4.609,27.892,1.814,0.0
185,4.809,27.889,359.204,0.0
186,5.009,27.877,356.594,0.0
187,5.208,27.856,353.983,0.0
188,5.405,27.826,351.373,0.0
189,5.602,27.787,348.763,0.0
190,5.796,27.739,346.152,0.0
191,5.988,27.683,343.542,0.0
192,6.009,27.676,342.087,0.0
193,6.009,27.676,0.0,0.0
194,6.201,27.618,343.242,0.0
195,6.395,27.569,345.853,0.0
196,6.591,27.529,348.463,0.0
197,6.788,27.498,351.073,0.0
198,6.987,27.476,353.684,0.0
199,7.187,27.463,356.294,0.0
200,7.387,27.459,358.904,0.0
201,7.587,27.465,1.514,0.0
202,7.786,27.479,4.125,0.0
203,7.985,27.502,6.735,0.0
204,8.182,27.535,9.345,0.0
205,8.378,27.576,11.956,0.0
206,8.571,27.627,14.566,0.0
207,8.762,27.686,17.176,0.0
208,8.95,27.753,19.786,0.0
209,9.126,27.826,22.334,0.0
210,9.126,27.826,180.0,1.0
211,8.945,27.742,24.882,1.0
212,8.768,27.649,27.493,1.0
213,8.595,27.549,30.103,1.0
214,8.44,27.45,32.606,1.0
215,8.44,27.45,0.0,1.0
216,8.609,27.557,212.499,1.0
217,8.782,27.657,209.889,1.0
218,8.96,27.749,207.279,1.0
219,9.142,27.832,204.669,1.0
220,9.327,27.907,202.058,1.0
221,9.37,27.924,200.45,1.0
222,9.37,27.924,180.0,1.0
223,9.494,27.971,201.008,1.0
224,9.494,27.971,0.0,0.0
225,9.31,27.892,203.174,0.0
226,9.13,27.805,205.784,0.0
227,8.954,27.71,208.395,0.0
228,8.782,27.607,211.005,0.0
229,8.65,27.52,213.344,0.0
230,8.65,27.52,180.0,1.0
231,8.818,27.629,213.072,1.0
232,8.99,27.731,210.462,1.0
233,9.167,27.824,207.852,1.0
234,9.348,27.909,205.241,1.0
235,9.532,27.986,202.631,1.0
236,9.72,28.055,200.021,1.0
237,9.911,28.114,197.411,1.0
238,10.104,28.166,194.8,1.0
239,10.293,28.207,192.234,1.0
240,10.293,28.207,180.0,1.0
241,10.489,28.249,192.279,1.0
242,10.682,28.3,194.889,1.0
243,10.873,28.361,197.499,1.0
244,11.06,28.429,200.11,1.0
245,11.245,28.507,202.72,1.0
246,11.426,28.592,205.33,1.0
247,11.602,28.686,207.941,1.0
248,11.774,28.787,210.551,1.0
249,11.942,28.897,213.161,1.0
250,12.104,29.014,215.771,1.0
251,12.261,29.138,218.382,1.0
252,12.412,29.269,220.992,1.0
253,12.557,29.407,223.602,1.0
254,12.695,29.551,226.213,1.0
255,12.827,29.702,228.823,1.0
256,12.88,29.767,230.675,1.0
257,12.88,29.767,0.0,0.0
258,12.758,29.608,232.527,0.0
259,12.644,29.444,235.137,0.0
260,12.537,29.275,237.747,0.0
261,12.438,29.101,240.358,0.0
262,12.347,28.923,242.968,0.0
263,12.265,28.741,245.578,0.0
264,12.26,28.73,246.96,0.0
265,12.26,28.73,180.0,0.0
266,12.342,28.912,65.731,0.0
267,12.433,29.091,63.121,0.0
268,12.475,29.169,61.235,0.0
269,12.475,29.169,0.0,0.0
270,12.569,29.345,61.96,0.0
271,12.655,29.526,64.57,0.0
272,12.733,29.71,67.181,0.0
273,12.802,29.898,69.791,0.0
274,12.862,30.088,72.401,0.0
275,12.914,30.282,75.012,0.0
276,12.957,30.477,77.622,0.0
277,12.991,30.674,80.232,0.0
278,13.016,30.872,82.842,0.0
279,13.019,30.908,84.383,0.0
280,13.019,30.908,180.0,1.0
281,13.005,30.709,85.923,1.0
282,13.0,30.509,88.533,1.0
283,13.0,30.5,88.533,1.0
