,x_coord,y_coord,yaw,reversing
0,16.0,2.75,90.0,0.0
1,15.996,2.95,91.05,0.0
2,15.985,3.15,93.243,0.0
3,15.966,3.349,95.435,0.0
4,15.94,3.547,97.627,0.0
5,15.905,3.744,99.819,0.0
6,15.864,3.94,102.012,0.0
7,15.815,4.133,104.204,0.0
8,15.758,4.325,106.396,0.0
9,15.695,4.515,108.588,0.0
10,15.624,4.702,110.78,0.0
11,15.546,4.886,112.973,0.0
12,15.46,5.067,115.165,0.0
13,15.369,5.245,117.357,0.0
14,15.27,5.419,119.549,0.0
15,15.165,5.589,121.741,0.0
16,15.053,5.755,123.934,0.0
17,14.935,5.916,126.126,0.0
18,14.811,6.073,128.318,0.0
19,14.681,6.225,130.51,0.0
20,14.546,6.372,132.702,0.0
21,14.405,6.514,134.895,0.0
22,14.258,6.65,137.087,0.0
23,14.106,6.78,139.279,0.0
24,13.95,6.905,141.471,0.0
25,13.789,7.023,143.663,0.0
26,13.623,7.136,145.856,0.0
27,13.454,7.242,148.048,0.0
28,13.28,7.341,150.24,0.0
29,13.103,7.433,152.432,0.0
30,12.922,7.519,154.625,0.0
31,12.738,7.598,156.817,0.0
32,12.552,7.669,159.009,0.0
33,12.408,7.719,160.937,0.0
34,12.408,7.719,0.0,0.0
35,12.219,7.785,160.673,0.0
36,12.033,7.859,158.481,0.0
37,11.85,7.939,156.289,0.0
38,11.67,8.026,154.097,0.0
39,11.494,8.121,151.905,0.0
40,11.321,8.221,149.712,0.0
41,11.152,8.329,147.52,0.0
42,10.988,8.443,145.328,0.0
43,10.828,8.563,143.136,0.0
44,10.673,8.689,140.944,0.0
45,10.522,8.82,138.751,0.0
46,10.377,8.958,136.559,0.0
47,10.237,9.101,134.367,0.0
48,10.103,9.249,132.175,0.0
49,9.975,9.402,129.983,0.0
50,9.852,9.56,127.79,0.0
51,9.736,9.723,125.598,0.0
52,9.625,9.89,123.406,0.0
53,9.522,10.061,121.214,0.0
54,9.425,10.236,119.022,0.0
55,9.335,10.414,116.829,0.0
56,9.251,10.596,114.637,0.0
57,9.175,10.781,112.445,0.0
58,9.106,10.969,110.253,0.0
59,9.044,11.159,108.06,0.0
60,8.989,11.351,105.868,0.0
61,8.942,11.545,103.676,0.0
62,8.902,11.741,101.484,0.0
63,8.87,11.939,99.292,0.0
64,8.845,12.137,97.099,0.0
65,8.828,12.336,94.907,0.0
66,8.818,12.536,92.715,0.0
67,8.816,12.736,90.523,0.0
68,8.822,12.936,88.331,0.0
69,8.836,13.136,86.138,0.0
70,8.857,13.334,83.946,0.0
71,8.885,13.532,81.754,0.0
72,8.922,13.729,79.562,0.0
73,8.965,13.924,77.37,0.0
74,9.017,14.118,75.177,0.0
75,9.048,14.224,73.471,0.0
76,9.048,14.224,180.0,1.0
77,8.986,14.034,71.764,1.0
78,8.916,13.847,69.572,1.0
79,8.839,13.662,67.379,1.0
80,8.755,13.481,65.187,1.0
81,8.664,13.303,62.995,1.0
82,8.567,13.128,60.803,1.0
83,8.463,12.957,58.611,1.0
84,8.352,12.791,56.418,1.0
85,8.235,12.629,54.226,1.0
86,8.112,12.471,52.034,1.0
87,7.983,12.318,49.842,1.0
88,7.848,12.17,47.65,1.0
89,7.708,12.028,45.457,1.0
90,7.562,11.891,43.265,1.0
91,7.412,11.759,41.073,1.0
92,7.256,11.634,38.881,1.0
93,7.096,11.514,36.689,1.0
94,6.931,11.401,34.496,1.0
95,6.762,11.294,32.304,1.0
96,6.589,11.194,30.112,1.0
97,6.412,11.1,27.92,1.0
98,6.232,11.013,25.727,1.0
99,6.048,10.933,23.535,1.0
100,5.862,10.861,21.343,1.0
101,5.673,10.795,19.151,1.0
102,5.482,10.737,16.959,1.0
103,5.289,10.686,14.766,1.0
104,5.093,10.642,12.574,1.0
105,4.897,10.606,10.382,1.0
106,4.699,10.578,8.19,1.0
107,4.5,10.557,5.998,1.0
108,4.3,10.543,3.805,1.0
109,4.21,10.54,2.214,1.0
110,4.21,10.54,99.462,1.0
111,4.01,10.53,2.946,1.0
112,3.811,10.511,5.4,1.0
113,3.613,10.484,7.853,1.0
114,3.416,10.448,10.307,1.0
115,3.221,10.404,12.761,1.0
116,3.028,10.351,15.215,1.0
117,2.838,10.29,17.668,1.0
118,2.687,10.236,19.881,1.0
119,2.687,10.236,0.0,0.0
120,2.872,10.311,22.094,0.0
121,3.054,10.394,24.548,0.0
122,3.232,10.485,27.001,0.0
123,3.406,10.583,29.455,0.0
124,3.576,10.689,31.909,0.0
125,3.741,10.802,34.363,0.0
126,3.901,10.922,36.816,0.0
127,4.056,11.048,39.27,0.0
128,4.205,11.181,41.724,0.0
129,4.349,11.321,44.178,0.0
130,4.486,11.466,46.632,0.0
131,4.617,11.617,49.085,0.0
132,4.741,11.774,51.539,0.0
133,4.859,11.936,53.993,0.0
134,4.969,12.102,56.447,0.0
135,5.073,12.273,58.901,0.0
136,5.169,12.449,61.354,0.0
137,5.257,12.628,63.808,0.0
138,5.337,12.812,66.262,0.0
139,5.41,12.998,68.716,0.0
140,5.474,13.187,71.169,0.0
141,5.531,13.379,73.623,0.0
142,5.579,13.573,76.077,0.0
143,5.619,13.769,78.531,0.0
144,5.65,13.967,80.985,0.0
145,5.673,14.165,83.438,0.0
146,5.687,14.365,85.892,0.0
147,5.693,14.565,88.346,0.0
148,5.69,14.765,90.8,0.0
149,5.679,14.964,93.253,0.0
150,5.659,15.163,95.707,0.0
151,5.631,15.361,98.161,0.0
152,5.594,15.558,100.615,0.0
153,5.549,15.753,103.069,0.0
154,5.495,15.945,105.522,0.0
155,5.433,16.136,107.976,0.0
156,5.364,16.323,110.43,0.0
157,5.286,16.507,112.884,0.0
158,5.2,16.688,115.337,0.0
159,5.107,16.865,117.791,0.0
160,5.006,17.038,120.245,0.0
161,4.898,17.206,122.699,0.0
162,4.783,17.369,125.153,0.0
163,4.661,17.528,127.606,0.0
164,4.532,17.681,130.06,0.0
165,4.397,17.828,132.514,0.0
166,4.256,17.97,134.968,0.0
167,4.109,18.105,137.421,0.0
168,4.017,18.184,139.391,0.0
169,4.017,18.184,0.0,0.0
170,3.866,18.315,138.907,0.0
171,3.721,18.453,136.454,0.0
172,3.582,18.597,134.0,0.0
173,3.449,18.747,131.546,0.0
174,3.323,18.902,129.092,0.0
175,3.204,19.062,126.639,0.0
176,3.092,19.228,124.185,0.0
177,2.986,19.398,121.731,0.0
178,2.889,19.572,119.277,0.0
179,2.798,19.751,116.823,0.0
180,2.716,19.933,114.37,0.0
181,2.641,20.119,111.916,0.0
182,2.575,20.307,109.462,0.0
183,2.516,20.498,107.008,0.0
184,2.466,20.692,104.554,0.0
185,2.424,20.887,102.101,0.0
186,2.39,21.085,99.647,0.0
187,2.365,21.283,97.193,0.0
188,2.349,21.482,94.739,0.0
189,2.341,21.682,92.286,0.0
190,2.341,21.882,89.832,0.0
191,2.351,22.082,87.378,0.0
192,2.368,22.281,84.924,0.0
193,2.394,22.479,82.47,0.0
194,2.429,22.676,80.017,0.0
195,2.472,22.872,77.563,0.0
196,2.524,23.065,75.109,0.0
197,2.583,23.256,72.655,0.0
198,2.651,23.444,70.202,0.0
199,2.727,23.629,67.748,0.0
200,2.81,23.811,65.294,0.0
201,2.902,23.989,62.84,0.0
202,3.0,24.162,60.386,0.0
203,3.107,24.332,57.933,0.0
204,3.22,24.497,55.479,0.0
205,3.34,24.656,53.025,0.0
206,3.467,24.811,50.571,0.0
207,3.601,24.96,48.118,0.0
208,3.74,25.103,45.664,0.0
209,3.886,25.24,43.21,0.0
210,4.038,25.37,40.756,0.0
211,4.195,25.494,38.302,0.0
212,4.357,25.611,35.849,0.0
213,4.524,25.722,33.395,0.0
214,4.695,25.824,30.941,0.0
215,4.871,25.92,28.487,0.0
216,5.051,26.007,26.034,0.0
217,5.234,26.087,23.58,0.0
218,5.421,26.16,21.126,0.0
219,5.61,26.224,18.672,0.0
220,5.802,26.279,16.218,0.0
221,5.996,26.327,13.765,0.0
222,6.192,26.366,11.311,0.0
223,6.39,26.397,8.857,0.0
224,6.589,26.419,6.403,0.0
225,6.73,26.43,184.307,1.0
226,6.73,26.43,0.0,1.0
227,6.531,26.414,4.665,1.0
228,6.332,26.389,7.118,1.0
229,6.135,26.356,9.572,1.0
230,5.939,26.314,12.026,1.0
231,5.746,26.264,14.48,1.0
232,5.554,26.206,16.934,1.0
233,5.366,26.139,19.387,1.0
234,5.18,26.065,21.841,1.0
235,4.998,25.983,24.295,1.0
236,4.819,25.893,26.749,1.0
237,4.645,25.795,29.202,1.0
238,4.475,25.69,31.656,1.0
239,4.332,25.595,33.934,1.0
240,4.332,25.595,0.0,0.0
241,4.494,25.713,36.213,0.0
242,4.65,25.838,38.666,0.0
243,4.801,25.969,41.12,0.0
244,4.945,26.107,43.574,0.0
245,5.084,26.251,46.028,0.0
246,5.217,26.401,48.481,0.0
247,5.343,26.556,50.935,0.0
248,5.447,26.695,53.225,0.0
249,5.447,26.695,180.0,1.0
250,5.36,26.57,55.219,1.0
251,5.36,26.57,0.0,0.0
252,5.468,26.738,57.377,0.0
253,5.568,26.911,59.831,0.0
254,5.661,27.088,62.284,0.0
255,5.747,27.269,64.738,0.0
256,5.824,27.454,67.192,0.0
257,5.894,27.641,69.646,0.0
258,5.955,27.831,72.099,0.0
259,6.008,28.024,74.553,0.0
260,6.053,28.219,77.007,0.0
261,6.09,28.416,79.461,0.0
262,6.118,28.614,81.915,0.0
263,6.138,28.813,84.368,0.0
264,6.149,29.012,86.822,0.0
265,6.151,29.212,89.276,0.0
266,6.145,29.412,91.73,0.0
267,6.131,29.612,94.183,0.0
268,6.108,29.81,96.637,0.0
269,6.076,30.008,99.091,0.0
270,6.036,30.204,101.545,0.0
271,5.988,30.398,103.999,0.0
272,5.931,30.59,106.452,0.0
273,5.866,30.779,108.906,0.0
274,5.793,30.965,111.36,0.0
275,5.713,31.148,113.814,0.0
276,5.701,31.172,115.206,0.0
277,5.701,31.172,0.0,0.0
278,5.619,31.355,114.144,0.0
279,5.545,31.541,111.69,0.0
280,5.48,31.729,109.237,0.0
281,5.422,31.921,106.783,0.0
282,5.372,32.115,104.329,0.0
283,5.331,32.31,101.875,0.0
284,5.298,32.508,99.421,0.0
285,5.274,32.706,96.968,0.0
286,5.258,32.906,94.514,0.0
287,5.251,33.105,92.06,0.0
288,5.253,33.305,89.606,0.0
289,5.263,33.505,87.153,0.0
290,5.281,33.704,84.699,0.0
291,5.308,33.902,82.245,0.0
292,5.337,34.065,80.004,0.0
293,5.337,34.065,180.0,1.0
294,5.294,33.87,77.764,1.0
295,5.244,33.676,75.31,1.0
296,5.185,33.485,72.856,1.0
297,5.118,33.297,70.402,1.0
298,5.042,33.111,67.949,1.0
299,4.96,32.929,65.495,1.0
300,4.869,32.751,63.041,1.0
301,4.771,32.577,60.587,1.0
302,4.665,32.407,58.133,1.0
303,4.552,32.242,55.68,1.0
304,4.433,32.082,53.226,1.0
305,4.306,31.927,50.772,1.0
306,4.173,31.777,48.318,1.0
307,4.07,31.67,46.178,1.0
308,4.07,31.67,0.0,1.0
309,4.213,31.809,224.168,1.0
310,4.362,31.943,221.975,1.0
311,4.407,31.981,220.558,1.0
312,4.407,31.981,180.0,1.0
313,4.559,32.11,220.237,1.0
314,4.712,32.24,220.237,1.0
315,4.865,32.369,220.237,1.0
316,5.017,32.498,220.237,1.0
317,5.17,32.627,220.237,1.0
318,5.323,32.756,220.237,1.0
319,5.475,32.886,220.237,1.0
320,5.628,33.015,220.237,1.0
321,5.781,33.144,220.237,1.0
322,5.933,33.273,220.237,1.0
323,6.086,33.402,220.237,1.0
324,6.239,33.531,220.237,1.0
325,6.391,33.661,220.237,1.0
326,6.544,33.79,220.237,1.0
327,6.697,33.919,220.237,1.0
328,6.849,34.048,220.237,1.0
329,7.002,34.177,220.237,1.0
330,7.155,34.307,220.237,1.0
331,7.307,34.436,220.237,1.0
332,7.46,34.565,220.237,1.0
333,7.613,34.694,220.237,1.0
334,7.765,34.823,220.237,1.0
335,7.918,34.953,220.237,1.0
336,8.071,35.082,220.237,1.0
337,8.224,35.211,220.237,1.0
338,8.376,35.34,220.237,1.0
339,8.529,35.469,220.237,1.0
340,8.682,35.599,220.237,1.0
341,8.834,35.728,220.237,1.0
342,8.987,35.857,220.237,1.0
343,9.14,35.986,220.237,1.0
344,9.292,36.115,220.237,1.0
345,9.445,36.244,220.237,1.0
346,9.598,36.374,220.237,1.0
347,9.75,36.503,220.237,1.0
348,9.903,36.632,220.237,1.0
349,10.056,36.761,220.237,1.0
350,10.208,36.89,220.237,1.0
351,10.361,37.02,220.237,1.0
352,10.514,37.149,220.237,1.0
353,10.666,37.278,220.237,1.0
354,10.819,37.407,220.237,1.0
355,10.972,37.536,220.237,1.0
356,11.124,37.666,220.237,1.0
357,11.277,37.795,220.237,1.0
358,11.43,37.924,220.237,1.0
359,11.582,38.053,220.237,1.0
360,11.735,38.182,220.237,1.0
361,11.888,38.312,220.237,1.0
362,12.04,38.441,220.237,1.0
363,12.193,38.57,220.237,1.0
364,12.346,38.699,220.237,1.0
365,12.498,38.828,220.237,1.0
366,12.651,38.957,220.237,1.0
367,12.804,39.087,220.237,1.0
368,12.956,39.216,220.237,1.0
369,13.109,39.345,220.237,1.0
370,13.262,39.474,220.237,1.0
371,13.414,39.603,220.237,1.0
372,13.567,39.733,220.237,1.0
373,13.72,39.862,220.237,1.0
374,13.872,39.991,220.237,1.0
375,14.025,40.12,220.237,1.0
376,14.178,40.249,220.237,1.0
377,14.331,40.379,220.237,1.0
378,14.483,40.508,220.237,1.0
379,14.636,40.637,220.237,1.0
380,14.789,40.766,220.237,1.0
381,14.941,40.895,220.237,1.0
382,15.094,41.025,220.237,1.0
383,15.247,41.154,220.237,1.0
384,15.399,41.283,220.237,1.0
385,15.552,41.412,220.237,1.0
386,15.705,41.541,220.237,1.0
387,15.857,41.671,220.237,1.0
388,16.01,41.8,220.237,1.0
389,16.163,41.929,220.237,1.0
390,16.315,42.058,220.237,1.0
391,16.468,42.187,220.237,1.0
392,16.621,42.316,220.237,1.0
393,16.773,42.446,220.237,1.0
394,16.926,42.575,220.237,1.0
395,17.079,42.704,220.237,1.0
396,17.149,42.764,220.237,1.0
397,17.149,42.764,180.0,1.0
398,17.299,42.896,221.333,1.0
399,17.445,43.034,223.526,1.0
400,17.584,43.177,225.718,1.0
401,17.718,43.325,227.91,1.0
402,17.846,43.479,230.102,1.0
403,17.969,43.637,232.294,1.0
404,18.085,43.8,234.487,1.0
405,18.195,43.967,236.679,1.0
406,18.298,44.138,238.871,1.0
407,18.395,44.313,241.063,1.0
408,18.485,44.492,243.255,1.0
409,18.568,44.673,245.448,1.0
410,18.644,44.858,247.64,1.0
411,18.713,45.046,249.832,1.0
412,18.775,45.236,252.024,1.0
413,18.829,45.429,254.217,1.0
414,18.876,45.623,256.409,1.0
415,18.916,45.819,258.601,1.0
416,18.948,46.017,260.793,1.0
417,18.972,46.215,262.985,1.0
418,18.989,46.414,265.178,1.0
419,18.998,46.614,267.37,1.0
420,19.0,46.75,267.37,1.0
