,x_coord,y_coord,yaw,reversing
0,19.0,5.0,90.0,0.0
1,19.005,5.2,88.649,0.0
2,19.019,5.399,86.039,0.0
3,19.041,5.598,83.429,0.0
4,19.073,5.796,80.818,0.0
5,19.114,5.991,78.208,0.0
6,19.164,6.185,75.598,0.0
7,19.196,6.294,73.549,0.0
8,19.196,6.294,180.0,1.0
9,19.133,6.105,71.5,1.0
10,19.061,5.918,68.89,1.0
11,18.98,5.735,66.279,1.0
12,18.892,5.556,63.669,1.0
13,18.795,5.381,61.059,1.0
14,18.69,5.21,58.449,1.0
15,18.578,5.045,55.838,1.0
16,18.458,4.885,53.228,1.0
17,18.331,4.73,50.618,1.0
18,18.197,4.581,48.007,1.0
19,18.057,4.439,45.397,1.0
20,17.91,4.303,42.787,1.0
21,17.757,4.174,40.177,1.0
22,17.599,4.052,37.566,1.0
23,17.435,3.938,34.956,1.0
24,17.266,3.831,32.346,1.0
25,17.092,3.732,29.735,1.0
26,16.914,3.64,27.125,1.0
27,16.733,3.557,24.515,1.0
28,16.547,3.483,21.905,1.0
29,16.358,3.417,19.294,1.0
30,16.167,3.359,16.684,1.0
31,15.973,3.311,14.074,1.0
32,15.777,3.271,11.463,1.0
33,15.579,3.24,8.853,1.0
34,15.38,3.218,6.243,1.0
35,15.232,3.208,3.965,1.0
36,15.232,3.208,180.0,1.0
37,15.11,3.2,3.788,1.0
38,15.11,3.2,0.0,1.0
39,15.309,3.221,5.889,0.0
40,15.507,3.25,8.499,0.0
41,15.703,3.289,11.109,0.0
42,15.897,3.336,13.72,0.0
43,16.089,3.392,16.33,0.0
44,16.278,3.457,18.94,0.0
45,16.464,3.531,21.551,0.0
46,16.647,3.612,24.161,0.0
47,16.825,3.703,26.771,0.0
48,17.0,3.801,29.381,0.0
49,17.169,3.907,31.992,0.0
50,17.334,4.02,34.602,0.0
51,17.493,4.141,37.212,0.0
52,17.647,4.269,39.823,0.0
53,17.794,4.404,42.433,0.0
54,17.936,4.546,45.043,0.0
55,18.07,4.693,47.653,0.0
56,18.198,4.847,50.264,0.0
57,18.319,5.007,52.874,0.0
58,18.432,5.171,55.484,0.0
59,18.538,5.341,58.095,0.0
60,18.636,5.516,60.705,0.0
61,18.725,5.694,63.315,0.0
62,18.807,5.877,65.925,0.0
63,18.88,6.063,68.536,0.0
64,18.945,6.252,71.146,0.0
65,19.001,6.444,73.756,0.0
66,19.048,6.639,76.367,0.0
67,19.086,6.835,78.977,0.0
68,19.115,7.033,81.587,0.0
69,19.136,7.232,84.197,0.0
70,19.147,7.431,86.808,0.0
71,19.149,7.631,89.418,0.0
72,19.144,7.795,91.79,0.0
73,19.144,7.795,0.0,0.0
74,19.138,7.995,91.552,0.0
75,19.142,8.195,88.942,0.0
76,19.155,8.394,86.331,0.0
77,19.177,8.593,83.721,0.0
78,19.208,8.791,81.111,0.0
79,19.247,8.987,78.5,0.0
80,19.296,9.18,75.89,0.0
81,19.354,9.372,73.28,0.0
82,19.42,9.561,70.67,0.0
83,19.495,9.746,68.059,0.0
84,19.578,9.928,65.449,0.0
85,19.669,10.106,62.839,0.0
86,19.768,10.28,60.228,0.0
87,19.875,10.449,57.618,0.0
88,19.99,10.612,55.008,0.0
89,20.112,10.771,52.398,0.0
90,20.241,10.924,49.787,0.0
91,20.377,11.07,47.177,0.0
92,20.52,11.211,44.567,0.0
93,20.668,11.344,41.956,0.0
94,20.823,11.471,39.346,0.0
95,20.983,11.591,36.736,0.0
96,21.149,11.703,34.126,0.0
97,21.319,11.807,31.515,0.0
98,21.494,11.904,28.905,0.0
99,21.502,11.908,27.545,0.0
100,21.502,11.908,180.0,1.0
101,21.322,11.82,26.185,1.0
102,21.139,11.74,23.575,1.0
103,20.952,11.668,20.965,1.0
104,20.763,11.605,18.354,1.0
105,20.57,11.551,15.744,1.0
106,20.375,11.505,13.134,1.0
107,20.179,11.469,10.523,1.0
108,19.981,11.441,7.913,1.0
109,19.87,11.43,5.882,1.0
110,19.87,11.43,135.0,1.0
111,19.67,11.417,3.851,1.0
112,19.471,11.412,1.241,1.0
113,19.271,11.417,358.631,1.0
114,19.071,11.431,356.021,1.0
115,18.872,11.454,353.41,1.0
116,18.675,11.486,350.8,1.0
117,18.479,11.527,348.19,1.0
118,18.286,11.577,345.579,1.0
119,18.094,11.635,342.969,1.0
120,17.906,11.702,340.359,1.0
121,17.721,11.778,337.749,1.0
122,17.54,11.862,335.138,1.0
123,17.362,11.954,332.528,1.0
124,17.189,12.055,329.918,1.0
125,17.021,12.163,327.307,1.0
126,16.858,12.278,324.697,1.0
127,16.7,12.401,322.087,1.0
128,16.548,12.531,319.477,1.0
129,16.402,12.668,316.866,1.0
130,16.262,12.811,314.256,1.0
131,16.129,12.96,311.646,1.0
132,16.003,13.116,309.035,1.0
133,15.885,13.277,306.425,1.0
134,15.773,13.443,303.815,1.0
135,15.67,13.614,301.205,1.0
136,15.574,13.789,298.594,1.0
137,15.486,13.969,295.984,1.0
138,15.407,14.153,293.374,1.0
139,15.336,14.34,290.763,1.0
140,15.274,14.53,288.153,1.0
141,15.22,14.723,285.543,1.0
142,15.176,14.917,282.933,1.0
143,15.14,15.114,280.322,1.0
144,15.113,15.312,277.712,1.0
145,15.095,15.512,275.102,1.0
146,15.086,15.711,272.491,1.0
147,15.087,15.911,269.881,1.0
148,15.096,16.111,267.271,1.0
149,15.115,16.31,264.661,1.0
150,15.143,16.508,262.05,1.0
151,15.179,16.705,259.44,1.0
152,15.225,16.9,256.83,1.0
153,15.279,17.092,254.219,1.0
154,15.342,17.282,251.609,1.0
155,15.414,17.468,248.999,1.0
156,15.494,17.652,246.389,1.0
157,15.561,17.79,244.081,1.0
158,15.561,17.79,180.0,1.0
159,15.648,17.97,244.384,1.0
160,15.726,18.154,246.994,1.0
161,15.796,18.342,249.604,1.0
162,15.857,18.532,252.214,1.0
163,15.909,18.725,254.825,1.0
164,15.952,18.92,257.435,1.0
165,15.987,19.117,260.045,1.0
166,16.013,19.316,262.656,1.0
167,16.029,19.515,265.266,1.0
168,16.036,19.715,267.876,1.0
169,16.035,19.915,270.486,1.0
170,16.024,20.114,273.097,1.0
171,16.004,20.313,275.707,1.0
172,15.975,20.511,278.317,1.0
173,15.937,20.708,280.928,1.0
174,15.89,20.902,283.538,1.0
175,15.835,21.094,286.148,1.0
176,15.771,21.284,288.758,1.0
177,15.698,21.47,291.369,1.0
178,15.616,21.653,293.979,1.0
179,15.527,21.831,296.589,1.0
180,15.429,22.006,299.2,1.0
181,15.324,22.176,301.81,1.0
182,15.245,22.293,304.04,1.0
183,15.245,22.293,0.0,0.0
184,15.363,22.132,306.27,0.0
185,15.488,21.976,308.88,0.0
186,15.621,21.827,311.49,0.0
187,15.76,21.683,314.101,0.0
188,15.906,21.546,316.711,0.0
189,16.057,21.416,319.321,0.0
190,16.215,21.292,321.932,0.0
191,16.378,21.176,324.542,0.0
192,16.546,21.068,327.152,0.0
193,16.718,20.967,329.762,0.0
194,16.896,20.874,332.373,0.0
195,17.077,20.79,334.983,0.0
196,17.262,20.714,337.593,0.0
197,17.45,20.646,340.204,0.0
198,17.641,20.587,342.814,0.0
199,17.834,20.536,345.424,0.0
200,18.03,20.495,348.034,0.0
201,18.227,20.462,350.645,0.0
202,18.426,20.439,353.255,0.0
203,18.625,20.424,355.865,0.0
204,18.825,20.419,358.476,0.0
205,18.93,20.42,0.463,0.0
206,18.93,20.42,180.0,1.0
207,18.73,20.411,2.451,1.0
208,18.531,20.394,5.061,1.0
209,18.333,20.367,7.672,1.0
210,18.136,20.331,10.282,1.0
211,17.941,20.287,12.892,1.0
212,17.748,20.233,15.502,1.0
213,17.558,20.171,18.113,1.0
214,17.487,20.146,19.91,1.0
215,17.487,20.146,0.0,0.0
216,17.673,20.219,21.707,0.0
217,17.855,20.302,24.317,0.0
218,18.034,20.392,26.927,0.0
219,18.208,20.491,29.538,0.0
220,18.377,20.597,32.148,0.0
221,18.541,20.711,34.758,0.0
222,18.7,20.833,37.368,0.0
223,18.854,20.961,39.979,0.0
224,19.001,21.097,42.589,0.0
225,19.142,21.238,45.199,0.0
226,19.276,21.387,47.81,0.0
227,19.403,21.541,50.42,0.0
228,19.524,21.701,53.03,0.0
229,19.637,21.866,55.64,0.0
230,19.742,22.036,58.251,0.0
231,19.839,22.21,60.861,0.0
232,19.929,22.389,63.471,0.0
233,19.994,22.536,65.826,0.0
234,19.994,22.536,0.0,0.0
235,20.077,22.718,65.57,0.0
236,20.168,22.896,62.96,0.0
237,20.267,23.07,60.35,0.0
238,20.374,23.239,57.74,0.0
239,20.488,23.403,55.129,0.0
240,20.61,23.562,52.519,0.0
241,20.739,23.715,49.909,0.0
242,20.874,23.862,47.298,0.0
243,21.016,24.003,44.688,0.0
244,21.165,24.137,42.078,0.0
245,21.319,24.264,39.468,0.0
246,21.479,24.384,36.857,0.0
247,21.644,24.496,34.247,0.0
248,21.815,24.601,31.637,0.0
249,21.99,24.698,29.026,0.0
250,22.169,24.787,26.416,0.0
251,22.352,24.868,23.806,0.0
252,22.538,24.94,21.196,0.0
253,22.728,25.004,18.585,0.0
254,22.92,25.059,15.975,0.0
255,23.114,25.105,13.365,0.0
256,23.311,25.142,10.754,0.0
257,23.509,25.171,8.144,0.0
258,23.708,25.19,5.534,0.0
259,23.9,25.2,2.974,0.0
260,23.9,25.2,0.0,0.0
261,24.1,25.211,3.024,0.0
262,24.299,25.23,5.634,0.0
263,24.497,25.259,8.245,0.0
264,24.693,25.297,10.855,0.0
265,24.821,25.326,13.016,0.0
266,24.821,25.326,0.0,0.0
267,25.015,25.374,13.872,0.0
268,25.209,25.422,13.872,0.0
269,25.403,25.47,13.872,0.0
270,25.597,25.518,13.872,0.0
271,25.792,25.566,13.872,0.0
272,25.986,25.614,13.872,0.0
273,26.18,25.662,13.872,0.0
274,26.374,25.71,13.872,0.0
275,26.568,25.758,13.872,0.0
276,26.762,25.806,13.872,0.0
277,26.957,25.854,13.872,0.0
278,27.151,25.901,13.872,0.0
279,27.345,25.949,13.872,0.0
280,27.539,25.997,13.872,0.0
281,27.733,26.045,13.872,0.0
282,27.927,26.093,13.872,0.0
283,28.122,26.141,13.872,0.0
284,28.316,26.189,13.872,0.0
285,28.51,26.237,13.872,0.0
286,28.704,26.285,13.872,0.0
287,28.898,26.333,13.872,0.0
288,29.092,26.381,13.872,0.0
289,29.287,26.429,13.872,0.0
290,29.481,26.477,13.872,0.0
291,29.675,26.525,13.872,0.0
292,29.869,26.573,13.872,0.0
293,30.063,26.621,13.872,0.0
294,30.257,26.669,13.872,0.0
295,30.452,26.717,13.872,0.0
296,30.646,26.765,13.872,0.0
297,30.84,26.813,13.872,0.0
298,31.034,26.86,13.872,0.0
299,31.228,26.908,13.872,0.0
300,31.423,26.956,13.872,0.0
301,31.617,27.004,13.872,0.0
302,31.811,27.052,13.872,0.0
303,32.005,27.1,13.872,0.0
304,32.199,27.148,13.872,0.0
305,32.393,27.196,13.872,0.0
306,32.457,27.212,13.872,0.0
307,32.457,27.212,0.0,0.0
308,32.653,27.255,12.567,0.0
309,32.85,27.29,9.956,0.0
310,33.048,27.316,7.346,0.0
311,33.247,27.332,4.736,0.0
312,33.447,27.34,2.126,0.0
313,33.51,27.34,0.41,0.0
314,33.51,27.34,0.0,0.0
315,33.71,27.345,1.305,0.0
316,33.909,27.358,3.915,0.0
317,34.108,27.381,6.526,0.0
318,34.306,27.413,9.136,0.0
319,34.465,27.445,11.5,0.0
320,34.465,27.445,0.0,0.0
321,34.66,27.489,12.558,0.0
322,34.855,27.532,12.558,0.0
323,35.05,27.575,12.558,0.0
324,35.245,27.619,12.558,0.0
325,35.441,27.662,12.558,0.0
326,35.636,27.706,12.558,0.0
327,35.831,27.749,12.558,0.0
328,36.026,27.793,12.558,0.0
329,36.221,27.836,12.558,0.0
330,36.417,27.88,12.558,0.0
331,36.612,27.923,12.558,0.0
332,36.807,27.967,12.558,0.0
333,37.002,28.01,12.558,0.0
334,37.198,28.054,12.558,0.0
335,37.393,28.097,12.558,0.0
336,37.588,28.141,12.558,0.0
337,37.783,28.184,12.558,0.0
338,37.978,28.228,12.558,0.0
339,38.174,28.271,12.558,0.0
340,38.369,28.315,12.558,0.0
341,38.564,28.358,12.558,0.0
342,38.759,28.402,12.558,0.0
343,38.954,28.445,12.558,0.0
344,39.15,28.489,12.558,0.0
345,39.345,28.532,12.558,0.0
346,39.54,28.576,12.558,0.0
347,39.735,28.619,12.558,0.0
348,39.931,28.663,12.558,0.0
349,40.126,28.706,12.558,0.0
350,40.321,28.75,12.558,0.0
351,40.516,28.793,12.558,0.0
352,40.711,28.837,12.558,0.0
353,40.907,28.88,12.558,0.0
354,41.102,28.924,12.558,0.0
355,41.297,28.967,12.558,0.0
356,41.492,29.01,12.558,0.0
357,41.687,29.054,12.558,0.0
358,41.883,29.097,12.558,0.0
359,42.078,29.141,12.558,0.0
360,42.273,29.184,12.558,0.0
361,42.464,29.227,12.558,0.0
362,42.464,29.227,0.0,0.0
363,42.66,29.266,11.253,0.0
364,42.858,29.296,8.643,0.0
365,42.98,29.31,6.533,0.0
366,42.98,29.31,0.0,0.0
367,43.178,29.334,7.035,0.0
368,43.376,29.368,9.645,0.0
369,43.571,29.41,12.255,0.0
370,43.764,29.462,14.866,0.0
371,43.955,29.522,17.476,0.0
372,44.143,29.59,20.086,0.0
373,44.327,29.668,22.696,0.0
374,44.508,29.753,25.307,0.0
375,44.671,29.839,27.815,0.0
376,44.671,29.839,0.0,0.0
377,44.846,29.936,29.018,0.0
378,45.021,30.033,29.018,0.0
379,45.196,30.13,29.018,0.0
380,45.371,30.227,29.018,0.0
381,45.546,30.324,29.018,0.0
382,45.721,30.421,29.018,0.0
383,45.895,30.518,29.018,0.0
384,46.07,30.615,29.018,0.0
385,46.245,30.712,29.018,0.0
386,46.42,30.809,29.018,0.0
387,46.595,30.906,29.018,0.0
388,46.77,31.003,29.018,0.0
389,46.945,31.1,29.018,0.0
390,47.12,31.197,29.018,0.0
391,47.295,31.294,29.018,0.0
392,47.47,31.391,29.018,0.0
393,47.644,31.488,29.018,0.0
394,47.819,31.585,29.018,0.0
395,47.994,31.682,29.018,0.0
396,48.169,31.779,29.018,0.0
397,48.344,31.876,29.018,0.0
398,48.519,31.973,29.018,0.0
399,48.522,31.975,29.018,0.0
400,48.522,31.975,0.0,0.0
401,48.699,32.068,27.713,0.0
402,48.881,32.153,25.102,0.0
403,49.065,32.23,22.492,0.0
404,49.253,32.298,19.882,0.0
405,49.444,32.357,17.271,0.0
406,49.638,32.408,14.661,0.0
407,49.833,32.45,12.051,0.0
408,50.031,32.482,9.441,0.0
409,50.17,32.5,7.219,0.0
410,50.17,32.5,180.0,1.0
411,49.972,32.474,7.608,1.0
412,49.775,32.438,10.218,1.0
413,49.58,32.394,12.828,1.0
414,49.387,32.34,15.439,1.0
415,49.197,32.278,18.049,1.0
416,49.01,32.208,20.659,1.0
417,48.826,32.129,23.269,1.0
418,48.646,32.042,25.88,1.0
419,48.471,31.946,28.49,1.0
420,48.299,31.843,31.1,1.0
421,48.244,31.807,32.832,1.0
422,48.244,31.807,0.0,0.0
423,48.409,31.921,34.563,0.0
424,48.568,32.042,37.174,0.0
425,48.722,32.17,39.784,0.0
426,48.87,32.305,42.394,0.0
427,49.011,32.446,45.004,0.0
428,49.146,32.594,47.615,0.0
429,49.274,32.747,50.225,0.0
430,49.395,32.907,52.835,0.0
431,49.508,33.071,55.446,0.0
432,49.614,33.241,58.056,0.0
433,49.712,33.416,60.666,0.0
434,49.802,33.594,63.276,0.0
435,49.884,33.777,65.887,0.0
436,49.957,33.963,68.497,0.0
437,50.022,34.152,71.107,0.0
438,50.078,34.344,73.718,0.0
439,50.125,34.538,76.328,0.0
440,50.163,34.734,78.938,0.0
441,50.193,34.932,81.548,0.0
442,50.213,35.131,84.159,0.0
443,50.224,35.331,86.769,0.0
444,50.227,35.531,89.379,0.0
445,50.222,35.691,91.731,0.0
446,50.222,35.691,0.0,0.0
447,50.217,35.891,91.473,0.0
448,50.221,36.091,88.862,0.0
449,50.234,36.291,86.252,0.0
450,50.256,36.489,83.642,0.0
451,50.26,36.52,82.135,0.0
452,50.26,36.52,0.0,0.0
453,50.267,36.564,81.641,0.0
454,50.267,36.564,0.0,0.0
455,50.297,36.762,81.349,0.0
456,50.327,36.96,81.349,0.0
457,50.357,37.157,81.349,0.0
458,50.387,37.355,81.349,0.0
459,50.417,37.553,81.349,0.0
460,50.447,37.751,81.349,0.0
461,50.477,37.948,81.349,0.0
462,50.507,38.146,81.349,0.0
463,50.537,38.344,81.349,0.0
464,50.567,38.542,81.349,0.0
465,50.597,38.739,81.349,0.0
466,50.628,38.937,81.349,0.0
467,50.658,39.135,81.349,0.0
468,50.688,39.332,81.349,0.0
469,50.718,39.53,81.349,0.0
470,50.748,39.728,81.349,0.0
471,50.778,39.926,81.349,0.0
472,50.808,40.123,81.349,0.0
473,50.838,40.321,81.349,0.0
474,50.868,40.519,81.349,0.0
475,50.898,40.716,81.349,0.0
476,50.928,40.914,81.349,0.0
477,50.958,41.112,81.349,0.0
478,50.989,41.31,81.349,0.0
479,51.019,41.507,81.349,0.0
480,51.049,41.705,81.349,0.0
481,51.079,41.903,81.349,0.0
482,51.109,42.101,81.349,0.0
483,51.139,42.298,81.349,0.0
484,51.169,42.496,81.349,0.0
485,51.199,42.694,81.349,0.0
486,51.229,42.891,81.349,0.0
487,51.259,43.089,81.349,0.0
488,51.289,43.287,81.349,0.0
489,51.319,43.485,81.349,0.0
490,51.35,43.682,81.349,0.0
491,51.38,43.88,81.349,0.0
492,51.41,44.078,81.349,0.0
493,51.44,44.276,81.349,0.0
494,51.45,44.343,81.349,0.0
495,51.45,44.343,0.0,0.0
496,51.476,44.542,82.654,0.0
497,51.492,44.741,85.264,0.0
498,51.5,44.941,87.875,0.0
499,51.5,45.0,87.875,0.0
